783 Pooja   96000   312
152 Raj     85000   409
918 Sanjay  110000  721
476 Pratik  89000   200
315 Nikhil  102000  604
  640 Niyati 91000        312
821 Kavita  115000  312
242 Rohan   87000   409
511 Anjali  94000   604
197 Manoj   92000   312
671 Priya   100000  721
354 Sunita  108000  200
913 Sneha   97000   409
127 Amit    88000   821
589 Deepak  90000   604
702 Arjun   93000   200
867 Radhika 107000  721
432 Aditi   85000   821
564 Hiten   100000  200
983 Vikram  95000   409
419 Meera   92000   604
286 Varun   89000   312
632 Kiran   98000   721
155 Rahul   90000   821
903 Neha    105000  604



